\bus 113с
\busstop Московский ав
\day w
06 43
07 00 16 34 47
08 02 13 25 36 49
09 04 19 34 43 57
10 08 20 41
11 04 28 43
12 01 18 34 49
13 07 23 34 48
14 06 21 37 54
15 05 19 40 58
16 14 31 46
17 01 17 33 49
18 05 18 34 49
19 05 21 38 48
20 12 35
21 05 30 48
22 05 27 43
23 00 18 39
00 00 15 34 50
01 15
\bus 113с
\busstop Тубдиспансер
\day w
06 00 17 33 51
07 04 19 30 42 53
08 06 21 36 51
09 00 14 25 37 59
10 21 45
11 00 18 35 51
12 06 24 40 51
13 05 23 38 54
14 11 22 36 57
15 15 31 48
16 03 18 34 50
17 06 22 35 51
18 06 22 38 56
19 05 29 52
20 22 47
21 05 22 44
22 00 17 35 56
23 17 33 51
00 07 32
