\bus 113
\busstop Московский ав
\day w
05 15 30 46 58
06 09 21 34 46 57
07 08 20 30 40 52
08 06 17 28 40 51
09 04 19 37 59
10 14 32 50
11 06 21 36 51
12 06 21 37 53
13 09 25 38 52
14 09 23 34 48
15 02 15 28 42 53
16 08 21 34 47 58
17 12 25 39 53
18 07 18 32 50
19 12 40
20 02 22 42 57
21 14 33 53
22 13 28 48
23 06 24 47
00 02 20
\day h
05 15 33 50
06 07 24 47
07 05 23 41 57
08 18 35
09 00 28 55
10 25 45
11 05 24 40
12 00 18 37 55
13 13 31 50
14 13 36 59
15 21 44
16 07 33 53
17 16 48
18 23 53
19 25 54
20 23 46
21 07 30 55
22 17 40
23 00 27 50
00 18
\bus 113
\busstop Тубдиспансер
\day w
06 00 16 32 43 54
07 06 20 31 42 54
08 05 15 26 37 51
09 02 13 25 36 49
10 04 22 44 59
11 18 35 51
12 06 22 38 51
13 06 22 38 54
14 10 23 37 56
15 08 19 34 47
16 00 12 26 39 53
17 06 18 32 43 57
18 11 26 37 52
19 03 18 35 57
20 25 47
21 07 27 42 59
22 17 38 58
23 15 33 51
00 09 31 46
\day h
06 00 18 35 52
07 09 32 49
08 08 26 42
09 03 20 44
10 12 39
11 12 30 50
12 09 26 45
13 03 21 41 59
14 16 37 58
15 21 44
16 07 29 52
17 18 38
18 01 33
19 08 38
20 14 43
21 07 31 52
22 14 40
23 02 25 45
00 11 35
\bus 113а
\busstop Московский ав
\day w
05 20 37 52
06 05 18 41
07 02 16 35 47
08 09 25 45
09 12 45
10 09 25 45
11 11 24 42 56
12 10 32 48
13 06 20 42 57
14 13 38 51
15 11 32 47
16 03 15 39
17 02 16 33 43
18 02 23 40
19 01 26 45
20 13 36
21 03 21 39
22 02 41 59
23 29
\day h
05 39 55
06 11 28 43
07 02 18 34 50
08 06 25 42 56
09 21 47
10 12 41 59
11 18 35 52
12 03 21 40 57
13 16 32 47
14 05 26 44
15 02 19 37 50
16 10 28 41
17 00 17 37 51
18 11 31
19 00 21 49
20 16 36 54
21 18 39
22 01 20 43
23 05
\bus 113а
\busstop НИИ Онкологии
\day w
05 20 35
06 03 17 33 46 58
07 22 43 59
08 18 28 51
09 07 29 53
10 28 53
11 11 28 51
12 05 24 35 54
13 13 29 47
14 00 22 38 54
15 19 32 54
16 14 29 48 59
17 20 42 57
18 14 24 44
19 05 21 44
20 08 27 55
21 18 43
22 01 19 44
23 21 37
00 08
\day h
06 22 37 55
07 12 24 43 59
08 14 34 47
09 05 22 37
10 02 28 53
11 20 39 59
12 16 34 46
13 06 25 37 55
14 11 28 46
15 07 25 46 59
16 18 31 55
17 08 23 42 56
18 18 35 52
19 12 41
20 05 33 57
21 17 38
22 00 21 42 59
23 22 48
