\bus 143
\busstop Зелёный Бор
\day w
05 58
06 23 48
07 04 21 38 54
08 11 28 44
09 01 18 34 57
10 24 54
11 24 44
12 00 17 34 50
13 07 24 40 57
14 14 30 47
15 07 23 40 57
16 13 30 47
17 03 20 37 53
18 10 27 44
19 07 34
20 01 28 53
21 18 43
22 08 33 58
23 22
00 18
\day h
05 58
06 23 48
07 13 38
08 03 28 53
09 18 51
10 42
11 15 40
12 05 30 55
13 20 45
14 10 35
15 03 28 53
16 18 43
17 08 33 58
18 23 56
19 47
20 17 42
21 07 32 57
22 22 47
23 12
\bus 143
\busstop Карбышева дс
\day w
05 36
06 01 26 42 59
07 16 32 49
08 06 22 39 56
09 12 35
10 02 32
11 02 22 38 55
12 12 28 45
13 02 18 35 52
14 08 25 45
15 01 18 35 51
16 08 25 41 58
17 15 31 48
18 05 22 45
19 12 39
20 06 31 56
21 21 46
22 11 36
23 00 56
\day h
05 36
06 01 26 51
07 16 41
08 06 31 56
09 29
10 20 53
11 18 43
12 08 33 58
13 23 48
14 13 41
15 06 31 56
16 21 46
17 11 36
18 01 34
19 25 55
20 20 45
21 10 35
22 00 25 50
