\bus 115э
\busstop Дружная дс
\day w
05 15 35 54
06 13 31 48
07 05 21 37 54
08 10 27 43
09 00 25 50
10 16 42
11 05 24 42
12 02 22 40
13 00 19 36 57
14 16 34 52
15 11 31 52
16 11 30 51
17 12 44
18 15 47
19 17 47
20 17 46
21 15 44
22 13 44
23 16 48
\day h
05 20 37 54
06 06 23 39 59
07 20 38 55
08 12 32 57
09 24 51
10 18 45
11 03 21 38 56
12 13 30 47
13 05 22 41 59
14 17 35 56
15 16 35 58
16 19 40
17 00 21 45
18 16 44
19 15 43
20 11 39
21 05 31 57
22 23 49
23 25
\bus 115э
\busstop Тубдиспансер
\day w
06 06 28 47
07 06 24 41 58
08 14 30 47
09 03 20 36 53
10 18 43
11 09 35 58
12 17 35 55
13 15 33 53
14 12 29 50
15 09 27 45
16 04 24 45
17 04 23 44
18 05 37
19 08 40
20 10 40
21 10 39
22 08 37
23 06 37
00 09 41
\day h
06 04 21 38 55
07 12 28 48
08 09 27 44
09 01 21 46
10 13 40
11 07 34 52
12 10 27 45
13 02 19 36 54
14 11 30 48
15 06 24 45
16 05 24 47
17 08 29 49
18 10 34
19 05 33
20 04 32
21 00 28 54
22 20 46
23 12 38
00 14
