\bus 145с
\busstop Московский ав
\day w
05 59
06 14 39 56
07 12 25 37
08 01 23 39 58
09 08 31 47
10 09 33
11 06 32 50
12 07 29 44
13 03 14 33 52
14 08 26 39
15 01 17 33 58
16 12 34 54
17 09 28 39
18 00 20 37 54
19 04 24 45
20 01 24 47
21 05 34 57
22 22 38 56
23 21 58
00 14 47
\day h
07 01 15 34 50
08 03 22 38 53
09 13 26 44
10 01 16 41
11 07 32 59
12 18 38 55
13 13 25 45
14 04 16 34 50
15 07 25 46
16 04 25 38 57
17 10 34 47
18 02 21 35 57
19 14 31 51
20 20 44
21 12 36 56
22 17 37 58
23 19 36 59
00 25
\bus 145с
\busstop НИИ Онкологии
\day w
05 20 35
06 03 17 33 46 58
07 22 43 59
08 18 28 51
09 07 29 53
10 28 53
11 11 28 51
12 05 24 35 54
13 13 29 47
14 00 22 38 54
15 19 32 54
16 14 29 48 59
17 20 42 57
18 14 24 44
19 05 21 44
20 08 27 55
21 18 43
22 01 19 44
23 21 37
00 08
\day h
06 22 37 55
07 12 24 43 59
08 14 34 47
09 05 22 37
10 02 28 53
11 20 39 59
12 16 34 46
13 06 25 37 55
14 11 28 46
15 07 25 46 59
16 18 31 55
17 08 23 42 56
18 18 35 52
19 12 41
20 05 33 57
21 17 38
22 00 21 42 59
23 22 48
