\bus 25
\busstop Кульман
\day w
05 29 50
06 01 11 23 35 50
07 03 13 24 37 46 57
08 10 23 36 47 58
09 12 22 34 48
10 04 20 36 54
11 07 24 40 59
12 24 42 59
13 16 34 58
14 17 35 53
15 08 22 37 50
16 03 16 30 43 56
17 12 25 39 53
18 07 20 36 49
19 03 17 35 53
20 11 29 49
21 09 25 46
22 07 28 50
23 25
\bus 25
\busstop Уручье-2 дс
\day w
05 58
06 17 38 51
07 00 11 24 37 50
08 01 12 26 36 48
09 02 18 34 50
10 08 22 38 54
11 13 38 56
12 13 30 48
13 12 31 49
14 07 22 36 51
15 04 17 30 44 57
16 10 26 39 53
17 07 21 34 50
18 03 17 31 49
19 07 25 43
20 03 23 42
21 03 24 45
22 07 29 51
23 13 33
