\bus 515
\busstop Дружная дс
\day w
05 15 35 54
06 09 24 39 53
07 07 21 36 50
08 05 19 34 49
09 05 25 50
10 16 42
11 05 24 42
12 02 22 40
13 00 19 36 57
14 16 34 52
15 11 28 51
16 11 30 51
17 12 44
18 15 47
19 17 47
20 17 46
21 15 44
22 13 44
23 16 48
\day h
05 20 37 54
06 06 23 39 59
07 20 38 55
08 12 32 57
09 24 51
10 18 45
11 03 21 38 56
12 13 30 47
13 05 22 41 59
14 17 35 56
15 16 35 58
16 19 40
17 00 21 45
18 16 44
19 15 43
20 11 39
21 05 31 57
22 23 49
23 25
\bus 515
\busstop Тубдиспансер
\day w
06 08 27 49
07 03 17 34 48
08 02 18 31 45 59
09 16 29 44
10 00 19 45
11 11 38
12 00 19 35 57
13 17 35 57
14 14 32 52
15 11 29 47
16 06 23 46
17 09 25 46
18 08 40
19 10 42
20 12 42
21 12 41
22 10 39
23 08 39
00 11
\day h
06 06 23 40 57
07 14 30 52
08 11 29 46
09 03 23 48
10 15 42
11 09 36 54
12 12 29 48
13 06 24 38 56
14 13 32 50
15 08 26 47
16 07 26 49
17 10 31 51
18 12 36
19 07 35
20 06 34
21 02 28 56
22 22 48
23 14 40
00 16
