\bus 14

\busstop Восточный ав

\day w
06 14 45 
07 16 48 
08 19 50 
09 27 
10 22 50 
11 37 
12 23 54 
13 25 57 
14 28 
15 07 39 
16 15 46 
17 33 
18 20 
19 07 54 
20 41 


\day 7
06 14 45 
07 16 48 
08 19 50 
09 27 
10 22 50 
11 37 
12 23 54 
13 25 57 
14 28 
15 07 39 
16 15 46 
17 33 
18 20 
19 07 54 
20 41 


\busstop Степянка

\day w
07 00 31 
08 02 34 
09 05 36 
10 13 
11 08 36 
12 23 
13 09 40 
14 11 43 
15 14 53 
16 25 
17 03 32 
18 19 
19 06 53 
20 40 
21 27 


\day 7
07 00 31 
08 02 34 
09 05 36 
10 13 
11 08 36 
12 23 
13 09 40 
14 11 43 
15 14 53 
16 25 
17 03 32 
18 19 
19 06 53 
20 40 
21 27 


\bus 15

\busstop Славинского дс

\day w
05 05 21 39 55 
06 08 20 31 41 50 
07 03 16 28 39 50 
08 00 12 23 35 47 
09 01 21 42 56 
10 10 27 44 
11 03 20 38 53 
12 12 28 46 
13 01 20 36 54 
14 11 31 49 
15 02 12 24 36 47 59 
16 11 22 33 44 56 
17 08 18 30 41 52 
18 03 17 28 40 55 
19 10 26 42 58 
20 20 40 
21 03 28 49 
22 13 35 58 
23 21 41 
00 05 27 


\day h
05 05 21 39 55 
06 08 20 31 41 50 
07 03 16 28 39 50 
08 00 12 23 35 47 
09 01 21 42 56 
10 10 27 44 
11 03 20 38 53 
12 12 28 46 
13 01 20 36 54 
14 11 31 49 
15 02 12 24 36 47 59 
16 11 22 33 44 56 
17 08 18 30 41 52 
18 03 17 28 40 55 
19 10 26 42 58 
20 20 40 
21 03 28 49 
22 13 35 58 
23 21 41 
00 05 27 


\busstop Путепровод(Виталюр)

\day w
05 33 53 
06 11 27 40 52 
07 03 13 22 35 48 
08 00 11 22 32 44 55 
09 07 19 33 53 
10 14 28 42 59 
11 16 35 52 
12 10 25 44 
13 00 18 33 52 
14 08 26 43 
15 03 21 34 44 56 
16 08 19 31 43 54 
17 05 16 28 40 50 
18 02 13 24 35 49 
19 00 12 27 42 58 
20 14 30 52 
21 12 36 
22 00 21 46 
23 07 31 53 
00 13 37 


\day h
05 33 53 
06 11 27 40 52 
07 03 13 22 35 48 
08 00 11 22 32 44 55 
09 07 19 33 53 
10 14 28 42 59 
11 16 35 52 
12 10 25 44 
13 00 18 33 52 
14 08 26 43 
15 03 21 34 44 56 
16 08 19 31 43 54 
17 05 16 28 40 50 
18 02 13 24 35 49 
19 00 12 27 42 58 
20 14 30 52 
21 12 36 
22 00 21 46 
23 07 31 53 
00 13 37 


\bus 30

\busstop Кунцевщина дс

\day w
05 20 35 50 
06 05 21 36 52 
07 07 22 38 54 
08 11 28 44 57 
09 10 23 35 46 57 
10 08 19 31 43 57 
11 14 32 50 
12 08 27 46 
13 05 24 42 
14 00 19 39 59 
15 19 39 56 
16 14 32 47 
17 03 18 32 47 
18 02 17 33 48 
19 03 18 34 49 
20 05 21 38 57 
21 17 37 56 
22 15 35 56 
23 18 39 


\busstop Корженевского

\day w
05 30 45 
06 00 15 30 46 
07 02 18 34 50 
08 04 17 31 42 53 
09 04 16 27 39 50 
10 02 19 38 57 
11 15 34 53 
12 12 31 49 
13 07 26 46 
14 06 26 45 
15 03 21 40 55 
16 10 25 40 55 
17 10 25 41 56 
18 11 26 41 55 
19 10 26 45 
20 05 25 45 
21 04 23 43 
22 04 27 48 
23 08 29 49 
00 10 31 


\bus 30д

\busstop Красный Бор

\day w
05 47 53 
06 10 17 28 39 49 
07 00 10 23 34 44 55 
08 04 14 24 33 45 59 
09 11 22 
15 30 45 53 
16 00 08 17 30 45 57 
17 08 18 31 37 48 59 
18 13 23 39 


\day h
05 47 53 
06 10 17 28 39 49 
07 00 10 23 34 44 55 
08 04 14 24 33 45 59 
09 11 22 
15 30 45 53 
16 00 08 17 30 45 57 
17 08 18 31 37 48 59 
18 13 23 39 


\busstop Корженевского

\day w
06 35 41 56 
07 07 15 25 37 45 56 
08 11 21 34 
14 42 55 
15 06 10 15 24 35 49 
16 03 17 31 43 49 58 
17 05 19 36 51 59 
18 14 29 48 
19 13 30 


\day h
06 35 41 56 
07 07 15 25 37 45 56 
08 11 21 34 
14 42 55 
15 06 10 15 24 35 49 
16 03 17 31 43 49 58 
17 05 19 36 51 59 
18 14 29 48 
19 13 30 


\bus 33с

\busstop Запад-3 дс

\day w
06 00 15 30 45 
07 00 15 30 45 
08 00 15 30 45 
09 00 15 30 47 
10 00 15 30 45 
11 00 
16 05 20 35 50 
17 05 20 35 50 
18 05 20 35 50 
19 05 20 35 50 
20 05 20 35 50 


\busstop Академия Наук ст.м.

\day w
05 44 59 
06 14 29 44 59 
07 14 29 44 59 
08 14 29 44 59 
09 14 29 44 59 
15 04 19 34 45 
16 00 15 30 45 
17 00 15 30 45 
18 00 15 30 45 
19 00 15 30 45 


\bus 50

\busstop Дружная дс

\day w
05 25 40 55 
06 10 24 38 52 
07 06 21 36 51 
08 07 22 37 53 
09 15 38 
10 01 24 47 
11 10 30 47 
12 04 21 38 55 
13 13 31 49 
14 07 25 43 59 
15 15 30 45 
16 00 15 30 45 
17 00 16 31 46 
18 01 17 37 57 
19 17 38 58 
20 18 39 59 
21 19 39 58 
22 18 43 
23 08 34 
00 01 24 


\day h
05 25 40 55 
06 10 24 38 52 
07 06 21 36 51 
08 07 22 37 53 
09 15 38 
10 01 24 47 
11 10 30 47 
12 04 21 38 55 
13 13 31 49 
14 07 25 43 59 
15 15 30 45 
16 00 15 30 45 
17 00 16 31 46 
18 01 17 37 57 
19 17 38 58 
20 18 39 59 
21 19 39 58 
22 18 43 
23 08 34 
00 01 24 


\busstop Сухарево-6

\day w
05 30 45 
06 00 14 29 44 59 
07 13 27 41 57 
08 12 27 42 58 
09 13 28 44 
10 05 28 51 
11 14 37 
12 00 20 37 54 
13 11 28 45 
14 03 21 39 57 
15 15 33 50 
16 07 24 39 54 
17 09 24 39 54 
18 10 25 40 55 
19 11 31 51 
20 11 27 47 
21 07 28 48 
22 07 27 46 
23 06 31 56 
00 22 49 
01 10 


\day h
05 30 45 
06 00 14 29 44 59 
07 13 27 41 57 
08 12 27 42 58 
09 13 28 44 
10 05 28 51 
11 14 37 
12 00 20 37 54 
13 11 28 45 
14 03 21 39 57 
15 15 33 50 
16 07 24 39 54 
17 09 24 39 54 
18 10 25 40 55 
19 11 31 51 
20 11 27 47 
21 07 28 48 
22 07 27 46 
23 06 31 56 
00 22 49 
01 10 


\bus 51

\busstop Карбышева дс

\day w
05 08 28 42 53 
06 04 14 24 34 44 54 
07 03 12 21 31 41 51 
08 01 11 21 31 41 51 
09 05 20 37 52 
10 07 21 35 49 
11 04 19 34 49 
12 03 17 31 46 
13 00 15 29 44 59 
14 14 29 43 53 
15 03 13 22 31 40 49 59 
16 10 20 30 40 49 58 
17 07 16 28 38 48 58 
18 07 16 25 34 43 59 
19 15 33 48 
20 03 18 33 48 
21 03 17 31 45 59 
22 14 28 43 58 
23 13 28 43 58 
00 17 


\day h
05 08 28 42 53 
06 04 14 24 34 44 54 
07 03 12 21 31 41 51 
08 01 11 21 31 41 51 
09 05 20 37 52 
10 07 21 35 49 
11 04 19 34 49 
12 03 17 31 46 
13 00 15 29 44 59 
14 14 29 43 53 
15 03 13 22 31 40 49 59 
16 10 20 30 40 49 58 
17 07 16 28 38 48 58 
18 07 16 25 34 43 59 
19 15 33 48 
20 03 18 33 48 
21 03 17 31 45 59 
22 14 28 43 58 
23 13 28 43 58 
00 17 


\busstop Уручье-4 дс

\day w
05 13 28 38 50 
06 01 10 18 25 36 47 57 
07 09 17 27 37 46 55 
08 04 14 24 34 44 54 
09 04 14 24 34 48 
10 03 20 35 50 
11 04 18 32 47 
12 02 16 32 46 
13 00 15 29 43 58 
14 13 27 42 57 
15 12 26 36 46 56 
16 05 14 23 32 41 53 
17 05 13 23 32 41 50 59 
18 11 21 31 41 50 
19 01 08 17 26 42 58 
20 16 31 46 
21 01 16 31 45 
22 00 14 28 41 57 
23 11 26 41 55 


\day h
05 13 28 38 50 
06 01 10 18 25 36 47 57 
07 09 17 27 37 46 55 
08 04 14 24 34 44 54 
09 04 14 24 34 48 
10 03 20 35 50 
11 04 18 32 47 
12 02 16 32 46 
13 00 15 29 43 58 
14 13 27 42 57 
15 12 26 36 46 56 
16 05 14 23 32 41 53 
17 05 13 23 32 41 50 59 
18 11 21 31 41 50 
19 01 08 17 26 42 58 
20 16 31 46 
21 01 16 31 45 
22 00 14 28 41 57 
23 11 26 41 55 


\bus 55

\busstop Уручье-2 дс

\day w
05 23 43 
06 03 21 39 57 
07 15 33 52 
08 11 31 51 
09 17 47 
10 13 42 
11 07 32 50 
12 08 26 44 
13 04 22 42 
14 02 21 41 
15 00 20 38 56 
16 14 34 52 
17 10 30 48 
18 06 33 
19 00 30 58 
20 26 44 
21 04 22 40 
22 00 18 36 56 
23 14 32 52 


\day h
05 23 43 
06 03 21 39 57 
07 15 33 52 
08 11 31 51 
09 17 47 
10 13 42 
11 07 32 50 
12 08 26 44 
13 04 22 42 
14 02 21 41 
15 00 20 38 56 
16 14 34 52 
17 10 30 48 
18 06 33 
19 00 30 58 
20 26 44 
21 04 22 40 
22 00 18 36 56 
23 14 32 52 


\busstop Уручье-4 дс

\day w
05 30 52 
06 12 31 49 
07 07 26 44 
08 02 21 40 
09 00 20 46 
10 16 41 
11 11 36 
12 00 18 37 55 
13 13 33 51 
14 11 31 50 
15 10 29 48 
16 07 25 43 
17 03 21 39 59 
18 17 35 
19 02 29 59 
20 27 55 
21 13 33 51 
22 09 29 47 
23 05 25 43 
00 01 25 


\day h
05 30 52 
06 12 31 49 
07 07 26 44 
08 02 21 40 
09 00 20 46 
10 16 41 
11 11 36 
12 00 18 37 55 
13 13 33 51 
14 11 31 50 
15 10 29 48 
16 07 25 43 
17 03 21 39 59 
18 17 35 
19 02 29 59 
20 27 55 
21 13 33 51 
22 09 29 47 
23 05 25 43 
00 01 25 


\bus 73

\busstop Серова дс

\day w
05 20 34 48 58 
06 07 17 26 36 45 55 
07 04 13 22 31 41 50 
08 00 09 19 28 38 52 
09 07 22 36 50 
10 04 18 32 49 
11 06 24 41 59 
12 17 34 51 
13 08 25 43 
14 01 19 34 46 58 
15 09 21 32 44 55 
16 07 18 30 41 52 
17 04 15 27 38 50 
18 01 13 30 48 
19 08 28 48 
20 08 26 44 
21 02 20 37 54 
22 13 33 53 
23 05 26 47 
00 09 


\day h
05 20 34 48 58 
06 07 17 26 36 45 55 
07 04 13 22 31 41 50 
08 00 09 19 28 38 52 
09 07 22 36 50 
10 04 18 32 49 
11 06 24 41 59 
12 17 34 51 
13 08 25 43 
14 01 19 34 46 58 
15 09 21 32 44 55 
16 07 18 30 41 52 
17 04 15 27 38 50 
18 01 13 30 48 
19 08 28 48 
20 08 26 44 
21 02 20 37 54 
22 13 33 53 
23 05 26 47 
00 09 


\busstop Веснянка мкр-н

\day w
05 25 39 53 
06 10 20 29 38 48 57 
07 07 16 26 35 45 54 
08 03 12 21 31 40 50 59 
09 09 18 28 42 57 
10 12 26 40 54 
11 08 22 39 56 
12 14 31 49 
13 07 24 41 58 
14 15 33 51 
15 09 24 36 48 59 
16 11 22 34 45 57 
17 08 20 31 42 54 
18 05 21 37 51 
19 03 20 38 58 
20 18 38 58 
21 16 34 52 
22 10 27 44 
23 03 22 48 54 


\day h
05 25 39 53 
06 10 20 29 38 48 57 
07 07 16 26 35 45 54 
08 03 12 21 31 40 50 59 
09 09 18 28 42 57 
10 12 26 40 54 
11 08 22 39 56 
12 14 31 49 
13 07 24 41 58 
14 15 33 51 
15 09 24 36 48 59 
16 11 22 34 45 57 
17 08 20 31 42 54 
18 05 21 37 51 
19 03 20 38 58 
20 18 38 58 
21 16 34 52 
22 10 27 44 
23 03 22 48 54 


\bus 80

\busstop Карбышева дс

\day w
05 18 37 56 
06 14 28 43 57 
07 12 26 41 55 
08 10 25 45 
09 08 31 53 
10 16 40 58 
11 13 28 43 59 
12 15 32 50 
13 08 25 43 
14 01 20 38 56 
15 13 30 45 59 
16 13 27 42 57 
17 12 26 40 54 
18 09 27 47 
19 07 27 47 
20 08 29 50 
21 11 32 53 
22 14 35 56 
23 17 40 


\busstop Рогачевская ул.(к ДС)

\day w
05 59 
06 19 38 56 
07 10 25 39 54 
08 08 23 37 52 
09 07 26 50 
10 13 35 58 
11 22 40 55 
12 10 25 41 57 
13 14 32 50 
14 07 25 43 
15 02 20 38 55 
16 12 27 41 55 
17 09 24 39 54 
18 08 22 36 51 
19 09 29 49 
20 09 28 49 
21 10 31 52 
22 13 34 55 
23 16 37 58 
00 21 


\bus 86

\busstop Уручье-4 дс

\day w
05 29 50 
06 05 16 27 38 48 56 
07 09 20 31 41 51 
08 02 13 24 34 44 55 
09 06 20 37 54 
10 12 30 47 
11 05 23 40 58 
12 16 33 51 
13 09 26 44 
14 02 19 36 50 
15 04 19 32 45 58 
16 11 27 43 58 
17 13 26 39 52 
18 05 23 42 
19 00 18 39 
20 00 18 36 54 
21 12 29 47 
22 05 22 40 58 
23 18 36 54 
00 15 


\day h
05 29 50 
06 05 16 27 38 48 56 
07 09 20 31 41 51 
08 02 13 24 34 44 55 
09 06 20 37 54 
10 12 30 47 
11 05 23 40 58 
12 16 33 51 
13 09 26 44 
14 02 19 36 50 
15 04 19 32 45 58 
16 11 27 43 58 
17 13 26 39 52 
18 05 23 42 
19 00 18 39 
20 00 18 36 54 
21 12 29 47 
22 05 22 40 58 
23 18 36 54 
00 15 


\busstop пос. Озерище

\day w
05 54 
06 15 29 41 52 
07 03 13 20 34 45 56 
08 06 16 27 38 49 59 
09 09 20 31 44 
10 02 19 37 55 
11 12 30 48 
12 05 23 41 58 
13 16 34 51 
14 09 27 44 
15 01 15 29 44 57 
16 10 23 36 52 
17 08 23 38 51 
18 04 16 30 48 
19 07 25 43 
20 04 25 43 
21 01 19 37 54 
22 12 30 47 
23 05 23 43 
00 01 19 39 


\day h
05 54 
06 15 29 41 52 
07 03 13 20 34 45 56 
08 06 16 27 38 49 59 
09 09 20 31 44 
10 02 19 37 55 
11 12 30 48 
12 05 23 41 58 
13 16 34 51 
14 09 27 44 
15 01 15 29 44 57 
16 10 23 36 52 
17 08 23 38 51 
18 04 16 30 48 
19 07 25 43 
20 04 25 43 
21 01 19 37 54 
22 12 30 47 
23 05 23 43 
00 01 19 39 


\bus 87

\busstop Зеленый Луг-6 дс

\day w
05 18 34 50 59 
06 07 15 23 31 39 47 54 
07 02 10 19 27 36 45 54 
08 02 10 18 26 34 43 52 
09 03 16 29 42 56 
10 08 19 35 51 
11 07 27 47 
12 07 25 41 57 
13 10 23 39 55 
14 14 33 44 54 
15 04 14 24 34 44 54 
16 04 14 24 34 44 54 
17 04 14 24 34 44 54 
18 04 15 26 38 54 
19 10 27 44 
20 00 17 34 52 
21 09 26 44 
22 08 21 36 53 
23 15 40 52 


\day h
05 18 34 50 59 
06 07 15 23 31 39 47 54 
07 02 10 19 27 36 45 54 
08 02 10 18 26 34 43 52 
09 03 16 29 42 56 
10 08 19 35 51 
11 07 27 47 
12 07 25 41 57 
13 10 23 39 55 
14 14 33 44 54 
15 04 14 24 34 44 54 
16 04 14 24 34 44 54 
17 04 14 24 34 44 54 
18 04 15 26 38 54 
19 10 27 44 
20 00 17 34 52 
21 09 26 44 
22 08 21 36 53 
23 15 40 52 


\busstop Автозаводская ас

\day w
05 40 55 
06 10 26 34 42 51 59 
07 07 15 23 31 39 48 57 
08 05 14 22 31 40 48 57 
09 05 13 21 29 38 47 58 
10 11 24 37 51 
11 03 13 30 46 
12 02 22 42 
13 01 19 36 52 
14 05 17 34 48 
15 09 28 39 49 59 
16 09 19 29 39 49 59 
17 09 19 29 39 49 59 
18 09 19 29 39 49 59 
19 10 21 32 47 
20 02 19 36 52 
21 09 26 44 
22 01 18 36 
23 02 13 28 45 
00 07 32 44 


\day h
05 40 55 
06 10 26 34 42 51 59 
07 07 15 23 31 39 48 57 
08 05 14 22 31 40 48 57 
09 05 13 21 29 38 47 58 
10 11 24 37 51 
11 03 13 30 46 
12 02 22 42 
13 01 19 36 52 
14 05 17 34 48 
15 09 28 39 49 59 
16 09 19 29 39 49 59 
17 09 19 29 39 49 59 
18 09 19 29 39 49 59 
19 10 21 32 47 
20 02 19 36 52 
21 09 26 44 
22 01 18 36 
23 02 13 28 45 
00 07 32 44 


\bus 90

\busstop Серова дс

\day w
05 29 41 52 
06 03 14 25 36 47 
07 00 13 25 36 48 
08 00 12 24 36 49 
09 01 13 25 42 
10 01 20 41 
11 03 25 47 
12 09 30 52 
13 14 36 
14 00 16 32 46 
15 00 13 26 39 52 
16 06 19 32 45 59 
17 13 26 39 52 
18 08 25 45 
19 06 28 50 
20 08 20 32 53 
21 14 36 57 
22 18 39 
23 00 20 41 
00 10 


\day h
05 29 41 52 
06 03 14 25 36 47 
07 00 13 25 36 48 
08 00 12 24 36 49 
09 01 13 25 42 
10 01 20 41 
11 03 25 47 
12 09 30 52 
13 14 36 
14 00 16 32 46 
15 00 13 26 39 52 
16 06 19 32 45 59 
17 13 26 39 52 
18 08 25 45 
19 06 28 50 
20 08 20 32 53 
21 14 36 57 
22 18 39 
23 00 20 41 
00 10 


\busstop Городской Вал ул.

\day w
05 10 30 50 
06 08 26 38 50 
07 02 14 26 38 50 
08 02 15 27 38 50 
09 02 14 26 38 50 
10 01 13 25 42 
11 01 20 41 
12 03 25 47 
13 09 30 52 
14 14 36 
15 00 16 32 46 
16 00 13 26 39 52 
17 06 19 32 45 59 
18 13 26 39 52 
19 08 25 45 
20 06 27 49 
21 10 31 52 
22 12 33 54 
23 15 36 57 
00 17 


\day h
05 10 30 50 
06 08 26 38 50 
07 02 14 26 38 50 
08 02 15 27 38 50 
09 02 14 26 38 50 
10 01 13 25 42 
11 01 20 41 
12 03 25 47 
13 09 30 52 
14 14 36 
15 00 16 32 46 
16 00 13 26 39 52 
17 06 19 32 45 59 
18 13 26 39 52 
19 08 25 45 
20 06 27 49 
21 10 31 52 
22 12 33 54 
23 15 36 57 
00 17 


\bus 97

\busstop Малиновка-8 мкр-н

\day w
05 52 
06 05 21 33 48 57 
07 09 29 42 57 
08 09 21 35 54 
15 31 
16 03 36 
17 09 43 
18 15 49 
19 24 


\busstop Серова ул.

\day w
06 27 38 55 
07 08 21 33 45 
08 03 15 32 42 54 
09 10 31 
16 03 35 
17 10 43 
18 17 50 
19 19 58 


\bus 99

\busstop Уручье-4 дс

\day w
05 22 29 36 42 48 53 58 
06 05 11 17 22 27 31 35 39 43 48 53 57 
07 01 06 10 15 19 24 28 32 36 40 45 49 54 58 
08 02 07 11 15 20 25 29 33 37 42 46 50 55 59 
09 03 09 16 23 30 37 44 51 58 
10 05 12 19 26 35 44 53 
11 02 11 20 28 36 45 54 
12 03 12 21 29 37 46 55 
13 04 13 22 30 38 47 56 
14 05 13 21 29 37 45 53 59 
15 05 13 16 21 26 31 36 41 46 50 54 58 
16 02 06 10 14 18 22 27 32 37 42 47 51 55 59 
17 03 07 11 15 19 23 28 33 38 43 48 53 58 
18 03 08 13 18 23 28 33 38 44 50 56 
19 03 10 17 24 31 38 46 54 
20 02 10 19 29 39 49 59 
21 09 19 29 40 50 
22 00 10 20 30 41 51 
23 01 11 22 35 48 
00 01 12 


\day h
05 22 29 36 42 48 53 58 
06 05 11 17 22 27 31 35 39 43 48 53 57 
07 01 06 10 15 19 24 28 32 36 40 45 49 54 58 
08 02 07 11 15 20 25 29 33 37 42 46 50 55 59 
09 03 09 16 23 30 37 44 51 58 
10 05 12 19 26 35 44 53 
11 02 11 20 28 36 45 54 
12 03 12 21 29 37 46 55 
13 04 13 22 30 38 47 56 
14 05 13 21 29 37 45 53 59 
15 05 13 16 21 26 31 36 41 46 50 54 58 
16 02 06 10 14 18 22 27 32 37 42 47 51 55 59 
17 03 07 11 15 19 23 28 33 38 43 48 53 58 
18 03 08 13 18 23 28 33 38 44 50 56 
19 03 10 17 24 31 38 46 54 
20 02 10 19 29 39 49 59 
21 09 19 29 40 50 
22 00 10 20 30 41 51 
23 01 11 22 35 48 
00 01 12 


\busstop Путепровод(Виталюр)

\day w
05 49 56 
06 03 09 15 20 25 32 38 44 49 54 58 
07 02 06 10 15 20 24 28 33 37 42 46 51 55 59 
08 03 07 12 16 21 25 29 34 38 42 47 52 56 
09 00 04 09 13 17 22 26 30 36 43 50 57 
10 04 11 18 25 32 39 46 53 
11 02 11 20 29 38 47 55 
12 03 12 21 30 39 48 56 
13 04 13 22 31 40 49 57 
14 05 14 23 32 40 48 56 
15 04 12 20 26 32 40 43 48 53 58 
16 03 08 13 17 21 25 29 33 37 41 45 49 54 59 
17 04 09 14 18 22 26 30 34 38 42 46 50 55 
18 00 05 10 15 20 25 30 35 40 45 50 55 
19 00 05 11 17 23 30 37 44 51 58 
20 05 13 21 29 37 46 56 
21 06 16 26 36 46 56 
22 07 17 27 37 47 57 
23 08 18 28 38 49 
00 02 15 28 39 


\day h
05 49 56 
06 03 09 15 20 25 32 38 44 49 54 58 
07 02 06 10 15 20 24 28 33 37 42 46 51 55 59 
08 03 07 12 16 21 25 29 34 38 42 47 52 56 
09 00 04 09 13 17 22 26 30 36 43 50 57 
10 04 11 18 25 32 39 46 53 
11 02 11 20 29 38 47 55 
12 03 12 21 30 39 48 56 
13 04 13 22 31 40 49 57 
14 05 14 23 32 40 48 56 
15 04 12 20 26 32 40 43 48 53 58 
16 03 08 13 17 21 25 29 33 37 41 45 49 54 59 
17 04 09 14 18 22 26 30 34 38 42 46 50 55 
18 00 05 10 15 20 25 30 35 40 45 50 55 
19 00 05 11 17 23 30 37 44 51 58 
20 05 13 21 29 37 46 56 
21 06 16 26 36 46 56 
22 07 17 27 37 47 57 
23 08 18 28 38 49 
00 02 15 28 39 


\bus 100

\busstop Аэропорт Минск-1

\day w
05 10 30 45 57 
06 07 17 23 29 35 40 44 48 51 54 57 
07 00 03 06 10 13 17 21 25 29 33 37 41 45 49 52 55 58 
08 01 05 08 12 16 19 22 25 28 31 34 37 40 43 47 51 55 59 
09 03 07 11 15 19 22 25 28 31 35 38 42 46 51 55 59 
10 03 07 12 17 22 27 32 37 42 47 52 57 
11 02 07 12 17 22 28 34 40 46 52 58 
12 04 10 16 22 28 34 40 46 52 58 
13 03 08 12 16 20 24 28 33 38 43 48 53 58 
14 03 08 13 18 22 26 30 34 38 42 46 50 54 59 
15 04 09 14 19 24 29 33 37 41 45 49 52 55 59 
16 03 07 10 13 16 19 23 27 31 34 37 41 44 47 50 53 56 59 
17 03 07 11 15 19 22 25 29 33 37 40 43 46 49 53 57 
18 01 04 07 11 14 17 21 25 29 33 37 41 45 49 53 57 
19 01 05 09 13 17 21 25 29 33 36 40 44 50 56 
20 02 08 16 20 26 32 38 44 50 56 
21 02 08 16 24 32 39 46 53 
22 00 08 16 24 32 39 46 54 
23 01 08 15 22 30 40 50 
00 00 10 20 33 45 


\day h
05 10 30 45 57 
06 07 17 23 29 35 40 44 48 51 54 57 
07 00 03 06 10 13 17 21 25 29 33 37 41 45 49 52 55 58 
08 01 05 08 12 16 19 22 25 28 31 34 37 40 43 47 51 55 59 
09 03 07 11 15 19 22 25 28 31 35 38 42 46 51 55 59 
10 03 07 12 17 22 27 32 37 42 47 52 57 
11 02 07 12 17 22 28 34 40 46 52 58 
12 04 10 16 22 28 34 40 46 52 58 
13 03 08 12 16 20 24 28 33 38 43 48 53 58 
14 03 08 13 18 22 26 30 34 38 42 46 50 54 59 
15 04 09 14 19 24 29 33 37 41 45 49 52 55 59 
16 03 07 10 13 16 19 23 27 31 34 37 41 44 47 50 53 56 59 
17 03 07 11 15 19 22 25 29 33 37 40 43 46 49 53 57 
18 01 04 07 11 14 17 21 25 29 33 37 41 45 49 53 57 
19 01 05 09 13 17 21 25 29 33 36 40 44 50 56 
20 02 08 16 20 26 32 38 44 50 56 
21 02 08 16 24 32 39 46 53 
22 00 08 16 24 32 39 46 54 
23 01 08 15 22 30 40 50 
00 00 10 20 33 45 


\busstop Московский ав

\day w
05 10 20 30 38 46 52 57 
06 01 05 09 12 15 18 21 24 27 31 34 38 42 45 48 51 54 57 
07 00 03 06 09 12 15 19 22 26 30 33 36 39 42 45 48 51 54 57 
08 01 05 09 13 17 21 25 29 33 36 39 42 45 49 52 56 
09 00 05 09 13 17 21 26 31 36 41 46 51 56 
10 01 06 11 16 21 26 31 36 42 48 54 
11 00 06 12 18 24 30 36 42 48 54 
12 00 06 12 17 22 26 30 34 38 42 47 52 57 
13 02 07 12 17 22 27 32 36 40 44 48 52 56 
14 00 04 08 13 18 23 28 33 38 43 47 51 55 59 
15 03 06 09 13 17 21 24 27 30 33 37 41 45 48 51 55 58 
16 01 04 07 10 13 17 21 25 29 33 36 39 43 47 51 54 57 
17 00 03 07 11 15 18 21 25 28 31 35 39 43 47 51 55 59 
18 03 07 11 15 19 23 27 31 35 39 43 47 51 55 
19 00 06 12 18 24 30 36 42 48 54 
20 00 06 12 18 24 32 40 48 56 
21 04 12 20 28 36 44 52 
22 00 08 16 23 30 37 44 52 
23 02 12 22 32 42 55 
00 07 20 


\day h
05 10 20 30 38 46 52 57 
06 01 05 09 12 15 18 21 24 27 31 34 38 42 45 48 51 54 57 
07 00 03 06 09 12 15 19 22 26 30 33 36 39 42 45 48 51 54 57 
08 01 05 09 13 17 21 25 29 33 36 39 42 45 49 52 56 
09 00 05 09 13 17 21 26 31 36 41 46 51 56 
10 01 06 11 16 21 26 31 36 42 48 54 
11 00 06 12 18 24 30 36 42 48 54 
12 00 06 12 17 22 26 30 34 38 42 47 52 57 
13 02 07 12 17 22 27 32 36 40 44 48 52 56 
14 00 04 08 13 18 23 28 33 38 43 47 51 55 59 
15 03 06 09 13 17 21 24 27 30 33 37 41 45 48 51 55 58 
16 01 04 07 10 13 17 21 25 29 33 36 39 43 47 51 54 57 
17 00 03 07 11 15 18 21 25 28 31 35 39 43 47 51 55 59 
18 03 07 11 15 19 23 27 31 35 39 43 47 51 55 
19 00 06 12 18 24 30 36 42 48 54 
20 00 06 12 18 24 32 40 48 56 
21 04 12 20 28 36 44 52 
22 00 08 16 23 30 37 44 52 
23 02 12 22 32 42 55 
00 07 20 


\bus 113

\busstop Московский ав

\day w
05 15 30 46 58 
06 09 21 34 46 57 
07 08 20 30 40 52 
08 06 17 28 40 51 
09 04 19 37 59 
10 14 32 50 
11 06 21 36 51 
12 06 21 37 53 
13 09 25 38 52 
14 09 23 30 48 
15 02 15 28 42 53 
16 08 21 34 47 58 
17 12 25 39 53 
18 05 18 32 50 
19 12 40 
20 02 20 38 57 
21 14 33 51 
22 09 28 45 
23 02 22 43 
00 02 20 35 


\day h
05 15 30 46 58 
06 09 21 34 46 57 
07 08 20 30 40 52 
08 06 17 28 40 51 
09 04 19 37 59 
10 14 32 50 
11 06 21 36 51 
12 06 21 37 53 
13 09 25 38 52 
14 09 23 30 48 
15 02 15 28 42 53 
16 08 21 34 47 58 
17 12 25 39 53 
18 05 18 32 50 
19 12 40 
20 02 20 38 57 
21 14 33 51 
22 09 28 45 
23 02 22 43 
00 02 20 35 


\busstop Тубдиспансер

\day w
06 00 16 32 43 54 
07 06 20 31 42 54 
08 05 15 26 37 51 
09 02 13 25 36 49 
10 04 22 44 59 
11 18 35 51 
12 06 22 38 51 
13 06 22 38 54 
14 10 23 37 56 
15 08 15 34 47 
16 00 12 26 39 53 
17 06 18 32 43 57 
18 11 26 37 50 
19 03 18 35 57 
20 25 47 
21 05 23 42 59 
22 17 36 54 
23 15 30 47 
00 07 27 46 
01 03 17 


\day h
06 00 16 32 43 54 
07 06 20 31 42 54 
08 05 15 26 37 51 
09 02 13 25 36 49 
10 04 22 44 59 
11 18 35 51 
12 06 22 38 51 
13 06 22 38 54 
14 10 23 37 56 
15 08 15 34 47 
16 00 12 26 39 53 
17 06 18 32 43 57 
18 11 26 37 50 
19 03 18 35 57 
20 25 47 
21 05 23 42 59 
22 17 36 54 
23 15 30 47 
00 07 27 46 
01 03 17 


\bus 113а

\busstop Московский ав

\day w
05 20 37 52 
06 04 17 39 
07 00 16 33 45 
08 02 22 44 
09 10 41 
10 04 25 42 
11 02 17 32 47 
12 02 24 41 58 
13 14 30 45 
14 03 27 43 58 
15 18 37 49 
16 05 25 43 
17 02 17 31 47 
18 07 24 43 
19 08 29 56 
20 15 42 53 
21 19 46 
22 14 40 
23 08 35 57 


\day h
05 20 37 52 
06 04 17 39 
07 00 16 33 45 
08 02 22 44 
09 10 41 
10 04 25 42 
11 02 17 32 47 
12 02 24 41 58 
13 14 30 45 
14 03 27 43 58 
15 18 37 49 
16 05 25 43 
17 02 17 31 47 
18 07 24 43 
19 08 29 56 
20 15 42 53 
21 19 46 
22 14 40 
23 08 35 57 


\busstop НИИ Онкологии

\day w
05 20 35 59 
06 16 32 44 56 
07 19 40 56 
08 15 27 44 
09 02 24 50 
10 21 44 
11 07 21 42 58 
12 13 29 45 
13 04 21 37 53 
14 09 24 44 
15 06 23 41 59 
16 18 33 48 
17 05 25 42 57 
18 11 27 48 
19 04 25 49 
20 10 36 57 
21 22 33 59 
22 26 54 
23 18 47 
00 15 37 


\day h
05 20 35 59 
06 16 32 44 56 
07 19 40 56 
08 15 27 44 
09 02 24 50 
10 21 44 
11 07 21 42 58 
12 13 29 45 
13 04 21 37 53 
14 09 24 44 
15 06 23 41 59 
16 18 33 48 
17 05 25 42 57 
18 11 27 48 
19 04 25 49 
20 10 36 57 
21 22 33 59 
22 26 54 
23 18 47 
00 15 37 


\bus 121

\busstop Ждановичи ТЦ

\day w
05 40 53 
06 05 19 31 44 50 
07 02 13 25 37 49 
08 01 12 22 33 46 
09 00 18 30 46 
10 02 19 36 54 
11 13 31 45 
12 03 20 37 54 
13 10 27 44 
14 01 16 36 57 
15 13 25 34 46 58 
16 10 27 43 54 
17 09 22 35 47 
18 02 24 47 
19 12 31 56 
20 19 42 
21 02 24 43 
22 11 32 54 
23 18 38 
00 05 30 


\day h
05 40 53 
06 05 19 31 44 50 
07 02 13 25 37 49 
08 01 12 22 33 46 
09 00 18 30 46 
10 02 19 36 54 
11 13 31 45 
12 03 20 37 54 
13 10 27 44 
14 01 16 36 57 
15 13 25 34 46 58 
16 10 27 43 54 
17 09 22 35 47 
18 02 24 47 
19 12 31 56 
20 19 42 
21 02 24 43 
22 11 32 54 
23 18 38 
00 05 30 


\busstop Сухарево-6

\day w
05 19 31 44 57 
06 11 25 38 51 
07 03 15 26 37 49 
08 00 11 22 34 45 55 
09 07 19 32 50 
10 02 18 34 52 
11 10 27 45 
12 03 19 35 52 
13 09 26 42 59 
14 16 33 50 
15 08 29 45 57 
16 06 19 34 45 
17 00 14 27 42 55 
18 08 22 36 57 
19 20 45 
20 08 28 51 
21 14 34 56 
22 18 43 
23 04 30 55 
00 08 35 
01 00 


\day h
05 19 31 44 57 
06 11 25 38 51 
07 03 15 26 37 49 
08 00 11 22 34 45 55 
09 07 19 32 50 
10 02 18 34 52 
11 10 27 45 
12 03 19 35 52 
13 09 26 42 59 
14 16 33 50 
15 08 29 45 57 
16 06 19 34 45 
17 00 14 27 42 55 
18 08 22 36 57 
19 20 45 
20 08 28 51 
21 14 34 56 
22 18 43 
23 04 30 55 
00 08 35 
01 00 


\bus 143

\busstop Карбышева дс

\day w
05 36 
06 01 26 42 59 
07 16 32 49 
08 06 22 39 56 
09 12 35 
10 02 32 
11 02 22 38 55 
12 12 28 45 
13 02 18 35 52 
14 08 25 45 
15 01 18 35 51 
16 08 25 41 58 
17 15 31 48 
18 05 22 45 
19 12 39 
20 06 31 56 
21 21 46 
22 11 36 
23 00 


\day h
05 36 
06 01 26 42 59 
07 16 32 49 
08 06 22 39 56 
09 12 35 
10 02 32 
11 02 22 38 55 
12 12 28 45 
13 02 18 35 52 
14 08 25 45 
15 01 18 35 51 
16 08 25 41 58 
17 15 31 48 
18 05 22 45 
19 12 39 
20 06 31 56 
21 21 46 
22 11 36 
23 00 


\busstop Зелёный Бор

\day w
06 00 25 50 
07 06 23 40 56 
08 13 30 46 
09 03 20 36 59 
10 26 56 
11 26 46 
12 02 19 36 52 
13 09 26 42 59 
14 16 32 49 
15 09 25 42 59 
16 15 32 49 
17 05 22 39 55 
18 12 29 46 
19 09 36 
20 03 30 55 
21 20 45 
22 10 35 
23 00 24 


\day h
06 00 25 50 
07 06 23 40 56 
08 13 30 46 
09 03 20 36 59 
10 26 56 
11 26 46 
12 02 19 36 52 
13 09 26 42 59 
14 16 32 49 
15 09 25 42 59 
16 15 32 49 
17 05 22 39 55 
18 12 29 46 
19 09 36 
20 03 30 55 
21 20 45 
22 10 35 
23 00 24 


\bus 155

\busstop Уручье-4 дс

\day w
05 43 
06 41 
07 36 
08 30 
09 28 
11 15 
12 11 
13 13 
14 12 
15 14 
16 16 
17 11 
18 12 
19 06 
21 06 
22 12 
23 09 
00 04 


\day h
05 43 
06 41 
07 36 
08 30 
09 28 
11 15 
12 11 
13 13 
14 12 
15 14 
16 16 
17 11 
18 12 
19 06 
21 06 
22 12 
23 09 
00 04 


\busstop пос. Озерище

\day w
06 10 
07 07 
08 02 56 
09 55 
11 42 
12 37 
13 39 
14 38 
15 40 
16 42 
17 37 
18 38 
19 32 
21 32 
22 39 
23 35 
00 29 


\day h
06 10 
07 07 
08 02 56 
09 55 
11 42 
12 37 
13 39 
14 38 
15 40 
16 42 
17 37 
18 38 
19 32 
21 32 
22 39 
23 35 
00 29 


\bus 515

\busstop Дружная дс

\day w
05 15 35 54 
06 13 31 48 
07 05 21 37 54 
08 10 27 43 
09 00 25 50 
10 16 42 
11 05 24 42 
12 02 22 40 
13 00 19 36 57 
14 16 34 52 
15 11 28 51 
16 11 30 51 
17 12 44 
18 15 47 
19 17 47 
20 17 46 
21 15 44 
22 13 44 
23 16 48 


\day h
05 15 35 54 
06 13 31 48 
07 05 21 37 54 
08 10 27 43 
09 00 25 50 
10 16 42 
11 05 24 42 
12 02 22 40 
13 00 19 36 57 
14 16 34 52 
15 11 28 51 
16 11 30 51 
17 12 44 
18 15 47 
19 17 47 
20 17 46 
21 15 44 
22 13 44 
23 16 48 


\busstop Тубдиспансер

\day w
06 08 27 49 
07 09 26 45 
08 00 18 32 49 
09 05 22 39 55 
10 20 45 
11 11 38 
12 00 19 35 57 
13 17 35 57 
14 14 32 52 
15 11 29 47 
16 06 23 46 
17 09 25 46 
18 08 40 
19 10 42 
20 12 42 
21 12 41 
22 10 39 
23 08 39 
00 11 43 


\day h
06 08 27 49 
07 09 26 45 
08 00 18 32 49 
09 05 22 39 55 
10 20 45 
11 11 38 
12 00 19 35 57 
13 17 35 57 
14 14 32 52 
15 11 29 47 
16 06 23 46 
17 09 25 46 
18 08 40 
19 10 42 
20 12 42 
21 12 41 
22 10 39 
23 08 39 
00 11 43 


\bus 555

\busstop Серебрянка дс

\day w
06 40 
07 40 
08 41 
09 33 
10 30 
11 35 
12 42 
13 47 
14 35 
15 35 
16 30 


\day h
06 40 
07 40 
08 41 
09 33 
10 30 
11 35 
12 42 
13 47 
14 35 
15 35 
16 30 


\busstop Ждановичи ТЦ

\day w
07 35 
08 37 
09 38 
10 30 
11 25 
12 30 
13 37 
14 42 
15 30 
16 32 
17 30 


\day h
07 35 
08 37 
09 38 
10 30 
11 25 
12 30 
13 37 
14 42 
15 30 
16 32 
17 30 


