\bus 113

\busstop Московский ав
\days w
\from site
05	15 30 46 58
06	09 21 34 46 57
07	08 20 30 40 52
08	06 17 28 40 51
09	04 19 37 59
10	14 32 50
11	06 21 36 51
12	06 21 37 53
13	09 25 38 52
14	09 23 30 48
15	02 15 28 42 53
16	08 21 34 47 58
17	12 25 39 53
18	05 18 32 50
19	12 40
20	02 20 38 57
21	14 33 51
22	09 28 45
23	02 22 43
00	02 20 35
\days h
\from site
05	15 33 50
06	07 24 47
07	05 23 41 57
08	18 35
09	00 28 55
10	25 45
11	05 24 40
12	00 18 37 55
13	13 31 50
14	13 36 59
15	21 44
16	07 33 53
17	16 48
18	23 53
19	25 54
20	23 46
21	07 30 55
22	17 40
23	00 27 50
00	18

\derive Филимонова ул.(!библ);Московский ав;5;w h

\derive Волгоградская(метро);Московский ав;8;w
\derive Волгоградская(метро);Московский ав;7;h

\derive Карбышева ул.(из города);Московский ав;19;w h
\derive Экспоцентр(из города);Московский ав;22;h w

\derive п.Лесной(Явар);Московский ав;34;w h
