\bus 113а

\busstop Московский ав
\days w
\from site
05	20 37 52
06	04 17 39
07	00 16 33 45
08	02 22 44
09	10 41
10	04 25 42
11	02 17 32 47
12	02 24 41 58
13	14 30 45
14	03 27 43 58
15	18 37 49
16	05 25 43
17	02 17 31 47
18	07 24 43
19	08 29 56
20	15 42 53
21	19 46
22	14 40
23	08 35 57
\days h
\from site
05	22 39 55
06	11 28 43
07	00 16 32 48
08	04 21 38 52
09	17 42
10	08 35 53
11	12 29 45 56
12	13 32 49
13	05 20 37 55
14	18 32 50
15	07 25 40 56
16	13 27 46
17	02 21 35 55
18	15 42
19	08 34 58
20	18 38 58
21	19 41
22	02 23 45
23	05 23 45

\derive Филимонова ул.(!библ);Московский ав;5;h w
\derive Волгоградская(метро);Московский ав;8;w
\derive Волгоградская(метро);Московский ав;7;h
\derive Карбышева ул.(из города);Московский ав;19;h w
\derive Экспоцентр(из города);Московский ав;22;h w
\derive п.Лесной(Явар);Московский ав;35;w h
\derive Районная больница(из Минска);Московский ав;33;w h
\derive Боровая(из Минска);Московский ав;24;w h


\busstop НИИ Онкологии
\days w
\from site
05	20 35 59
06	16 32 44 56
07	19 40 56
08	15 27 44
09	02 24 50
10	21 44
11	07 21 42 58
12	13 29 45
13	04 21 37 53
14	09 24 44
15	06 23 41 59
16	18 33 48
17	05 25 42 57
18	11 27 48
19	04 25 49
20	10 36 57
21	22 33 59
22	26 54
23	18 47
00	15 37
\days h
\from site
06	02 19 35 51
07	08 23 40 56
08	11 28 44
09	01 17 32 57
10	22 48
11	14 32 52
12	09 24 38 54
13	13 30 44
14	00 17 35 58
15	12 30 46
16	05 20 37 53
17	08 27 41
18	01 15 35 55
19	22 50
20	14 38 58
21	18 39
22	00 22 42
23	03 25 45
00	03 25

\derive Областная больница;НИИ Онкологии;2;w h
\derive п.Лесной(в Минск);НИИ Онкологии;4;w h
\derive пов.на Малиновку(в Минск);НИИ Онкологии;11;w h
\derive Филимонова ул.(библ);НИИ Онкологии;36;w h
\derive Экспоцентр(в Минск);НИИ Онкологии;18;h w
