\bus 25

\derived ст.м.Московская(в центр);Уручье-2 дс;27;w
\derived ст.м.Якуба Коласа(импульс);Уручье-2 дс;39;w

\busstop Богдановича(в центр)

\day w
05 35 56
06 17 29 41 56
07 09 19 31 43 55
08 06 18 30 43 52
09 05 18 29 40 52
10 06 24 40 56
11 13 34 53
12 13 30 49
13 07 25 45
14 04 21 39
15 04 16 28 41 56
16 09 22 38 51
17 04 16 30 44 57
18 12 27 38 53
19 07 21 37 53
20 11 31 51
21 07 30 52
22 15 37 59
23 31

\busstop Дом мебели

\day w
06 33 51
07 11 24 35 46
08 01 13 25 35 47
09 00 11 22 34 49
10 07 22 38 56
11 16 36 55
12 12 31 49
13 07 27 46
14 03 21 46 58
15 10 24 38 51
16 05 20 33 46 57
17 12 26 39 55
18 09 21 35 49
19 03 19 35 53
20 13 33 51
21 14 36 58
22 20 42
23 04 27 49
00 11