\bus 50

\derive Независимости пл.(метро);Дружная дс;6;w h

\busstop Пинская ул.(1)
\day w
05	48
06	04 17 35 50
07	06 22 38 52
08	09 25 40 56
09	12 28 44
10	03 32
11	02 32 55
12	13 31 49
13	06 24 42
14	00 18 36 58
15	21 40 53
16	10 25 40 56
17	14 28 44
18	00 15 30 50
19	10 33 51
20	14 40
21	00 20 40
22	00 21 43
23	01 21 41
00	02 21 44

\day h
06	05 39
07	13 48
08	22
09	01 45
10	30
11	14 53
12	27
13	01 36
14	13 49
15	24 58
16	32
17	07 41
18	15 55
19	39
20	21
21	03 45
22	18 51
23	24 57

\busstop НПО "Центр"(2)
\day w		
06	06 22 35 53
07	08 24 40 56
08	10 27 43 58
09	14 30 45
10	01 20 49
11	19 49
12	12 30 48
13	06 23 41 59
14	17 35 53
15	18 41
16	00 13 32 47
17	02 18 36 50
18	06 22 37 52
19	12 32 54
20	11 32 58
21	18 38 58
22	18 39
23	01 19 39 59
00	20 39
01	02

\day h
06	24 58
07	32
08	07 41
09	20
10	04 49
11	33
12	12 46
13	20 55
14	32
15	08 43
16	17 51
17	26
18	00 34
19	14 58
20	39
21	21
22	03 36
23	09 42
00	15

\derive НПО "Центр"(1);Сухарево-6;10;w h

\busstop Пинская ул.(2)
\day w
05	59
06	14 30 46
07	02 19 35 50
08	06 22 38 50
09	09 25 38 54
10	10 23 39 58
11	27 57
12	27 50
13	08 26 44
14	01 19 37 55
15	13 31 55
16	19 38 54
17	10 25 40 56
18	14 28 44
19	00 15 30 50
20	10 31 49
21	12 35 55
22	15 35 55
23	16 36 56
00	16 36 57
01	16

\day h
05	55
06	28
07	02 36
08	10 45
09	19 58
10	42
11	27
12	11 50
13	24 58
14	33
15	10 46
16	21 55
17	29
18	04 38
19	12 52
20	36
21	16 58
22	40
23	13 46
00	19 52
