\bus 51

\busstop Карбышева дс
\days w
\from site
05	08 27 45 58
06	11 22 33 43 53
07	04 14 25 36 47 58
08	08 18 29 42 57
09	14 30 44
10	01 18 35 52
11	09 24 36 48
12	00 15 32 47
13	01 13 25 38 56
14	14 28 40 52
15	04 12 24 34 44 55
16	06 17 28 39 49 59
17	09 20 31 42 53
18	04 14 24 40 58
19	16 29 42 55
20	09 22 35 51
21	07 22 37 51
22	05 20 34 48
23	02 16 30 45
00	02 17
\days h
\from site
05	13 36 59
06	11 23 34 45 57
07	09 21 33 45 56
08	07 23 39 56
09	13 33 53
10	13 30 42 55
11	06 17 28 39 52
12	05 17 28 39 50
13	01 14 27 39 50
14	01 14 27 40 53
15	06 18 30 42 53
16	04 16 28 40 52
17	04 16 28 44
18	00 16 34 52
19	10 28 45
20	02 19 36 53
21	10 27 43 59
22	16 33 50
23	06 24 44
00	05

\derive Филимонова ул.(библ);Карбышева дс;18;w h
\derive Карбышева дс(555);Карбышева дс;0;w h


\busstop Уручье-4 дс
\days w
\from site
05	13 28 39 50
06	00 10 21 31 42 53
07	04 15 25 35 46 56
08	07 18 29 40 49
09	00 11 24 39 56
10	14 26 43
11	00 17 34 51
12	06 18 30 42 57
13	14 29 43 55
14	07 20 38 56
15	10 22 34 46 52
16	06 16 26 37 48 59
17	10 21 31 41 51
18	02 13 24 34 46 56
19	06 22 40 58
20	11 24 37 51
21	04 17 33 49
22	04 19 33 47
23	02 16 30 44 58
\days h
\from site
05	30 54
06	17 29 40 52
07	04 15 26 38 50
08	02 14 26 37 48
09	04 20 37 54
10	14 34 54
11	11 23 36 47 58
12	09 20 33 46 58
13	09 20 31 42 55
14	08 20 31 42 55
15	08 21 34 47 59
16	11 23 34 45 57
17	09 21 33 45 57
18	09 25 41 57
19	15 33 51
20	09 26 43
21	00 17 34 51
22	08 24 40 57
23	14 31 47
00	05

\derive Уручье 6(к Шаф.);Уручье-4 дс;6;w h
\derive Филимонова ул.(!библ);Уручье-4 дс;21;w h
