\bus 515

\busstop Дружная дс
\days w
\from site
05	15 35 54
06	13 31 48
07	05 21 37 54
08	10 27 43
09	00 25 50
10	16 42
11	05 21 37 54
12	11 27 43
13	00 17 35 52
14	13 33 52
15	11 28 51
16	11 30 51
17	12 44
18	15 47
19	17 47
20	17 44
21	12 34 56
22	19 41
23	04 26 48
\days h
\from site
05	20 37 54
06	06 23 39 59
07	20 38 55
08	12 32 57
09	24 51
10	18 45
11	03 21 38 56
12	13 30 47
13	05 22 41 59
14	17 35 56
15	16 35 58
16	19 40
17	00 21 45
18	16 44
19	15 43
20	11 39 58
21	19 40
22	03 24 44
23	05 25

\derive Я.Коласа(Филармония);Дружная дс;13;w
\derive Я.Коласа(Филармония);Дружная дс;11;h

\derive Волгоградская(метро);Дружная дс;21;w
\derive Волгоградская(метро);Дружная дс;18;h

\derive Карбышева ул.(из города);Дружная дс;31;w
\derive Карбышева ул.(из города);Дружная дс;28;h

\derive п.Лесной(Явар);Дружная дс;38;h
\derive п.Лесной(Явар);Дружная дс;42;w
