\bus 515

\busstop Тубдиспансер
\day w
\from site
06	08 27 49
07	09 26 45
08	00 18 32 49
09	05 22 39 55
10	20 45
11	11 38
12	00 16 32 48
13	09 25 41 57
14	13 30 47
15	11 28 47
16	06 23 46
17	09 25 46
18	08 40
19	10 42
20	12 42
21	12 39
22	07 29 51
23	14 36 59
00	21 43
\day h
\from site
06	06 23 40 57
07	14 30 52
08	11 29 46
09	03 23 48
10	15 42
11	09 36 54
12	12 29 48
13	06 24 38 56
14	13 32 50
15	08 26 47
16	07 26 49
17	10 31 51
18	12 36
19	07 35
20	06 34
21	02 30 49
22	10 29 54
23	15 35 56
00	16

\derive Областная больница;Тубдиспансер;7;w h
\derive п.Лесной(в Минск);Тубдиспансер;8;w h
\derive пов.на Малиновку(в Минск);Тубдиспансер;14;w h
