\bus 515


\busstop Независимости пл.(метро)
\day w
05	21 41
06	00 19 37 54
07	11 27 43
08	00 16 33 49
09	06 31 56
10	22 48
11	11 30 48
12	08 28 46
13	06 25 42
14	03 22 40 58
15	17 34 57
16	17 36 57
17	18 50
18	21 53
19	23 53
20	23 52
21	21 50
22	19 50
23	22 54
\day h
05	23 41 58
06	12 29 45
07	05 26 44
08	01 18 38
09	03 30 57
10	24 51
11	09 27 44
12	02 19 36 53
13	11 28 47
14	05 23 41
15	02 22 41
16	04 25 46
17	06 27 51
18	22 50
19	21 49
20	17 45
21	11 37
22	03 29 55
23	31


\derive Я.Коласа(Филармония);Дружная дс;14;w
\derive Я.Коласа(Филармония);Дружная дс;13;h

\derive Волгоградская(метро);Дружная дс;21;w
\derive Волгоградская(метро);Дружная дс;18;h

\derive Карбышева ул.(из Минска);Дружная дс;31;w
\derive Карбышева ул.(из Минска);Дружная дс;28;h

\derive пов.Малиновка(в Боровл.);Дружная дс;38;w
\derive пов.Малиновка(в Боровл.);Дружная дс;36;h

\derive п.Лесной(Явар);Дружная дс;38;h
\derive п.Лесной(Явар);Дружная дс;42;w




\derive Областная больница;Тубдиспансер;7;w h
\derive п.Лесной(в Минск);Тубдиспансер;8;w h
\derive пов.Малиновка(в Минск);Тубдиспансер;14;w h

\busstop Независимости пл.(костел)
\day w
06	55
07	14 36 56
08	13 32 50
09	08 22 39 55
10	12 29 45
11	10 35
12	01 28 50
13	09 25 47
14	07 25 47
15	04 22 42
16	01 19 37 56
17	13 36 59
18	15 36 58
19	30
20	00 32
21	02 32 59
22	28 57
23	26 55
00	26 58
\day h
06	50
07	07 24 41 58
08	14 36 55
09	13 30 47
10	07 32 59
11	26 53
12	20 38 56
13	13 32 50
14	08 22 40 57
15	16 34 52
16	10 31 51
17	10 33 54
18	15 35 56
19	20 51
20	19 50
21	18 46
22	12 40
23	06 32 58
00	24
01	00