\bus 80
\busstop Рогачевская ул.(к ДС)

\day w
\from site
05	40 57
06	10 22 35 47 59
07	12 24 37 49
08	02 14 26 39 51
09	04 16 36 56
10	16 35 55
11	14 27 39 54
12	11 29 47
13	05 22 39 56
14	13 32 49
15	07 25 42 55
16	07 19 32 44 56
17	09 22 34 46 59
18	11 23 36 49
19	02 15 32 49
20	07 25 46
21	07 28 49
22	10 31 52
23	13 34 55
00	15 43

\busstop Карбышева дс
\day w
\from site
05	04 16 28 40 53
06	05 17 30 42 55
07	07 20 32 44 57
08	09 22 34 54
09	14 34 53
10	13 32 45 57
11	12 29 47
12	05 23 40 57
13	14 32 50
14	07 26 43
15	00 13 25 37 50
16	02 14 27 40 52
17	04 17 29 41 54
18	07 20 33 50
19	07 25 44
20	05 26 47
21	08 29 50
22	11 32 53
23	14 34
00	03

\derive Метро Уручье(в центр);Рогачевская ул.(к ДС);13;w
\derive Филимонова ул.(!библ);Рогачевская ул.(к ДС);23;w
