\bus 113

\busstop Тубдиспансер
\days w
06	00 16 32 43 54
07	06 20 31 42 54
08	05 15 26 37 51
09	02 13 25 36 49
10	04 22 44 59
11	18 35 51
12	06 22 38 51
13	06 22 38 54
14	10 23 37 56
15	08 15 34 47
16	00 12 26 39 53
17	06 18 32 43 57
18	11 26 37 50
19	03 18 35 57
20	25 47
21	05 23 42 59
22	17 36 54
23	15 30 47
00	07 27 46
01	03 17
\days h
06	00 18 35 52
07	09 32 49
08	08 26 42
09	03 20 44
10	12 39
11	12 30 50
12	09 26 45
13	03 21 41 59
14	16 37 58
15	21 44
16	07 29 52
17	18 38
18	01 33
19	08 38
20	14 43
21	07 31 52
22	14 40
23	02 25 45
00	11 35
01	01

\busstop Областная больница
\days w
\copy Тубдиспансер
\shift 7
\days h
\copy Тубдиспансер
\shift 7

\busstop п.Лесной(в Минск)
\day w
\copy Тубдиспансер
\shift 8
\day h
\copy Тубдиспансер
\shift 8

\busstop пов.на Малиновку(в Минск)
\days w
\copy Тубдиспансер
\shift 15
\days h
\copy Тубдиспансер
\shift 15

\busstop Филимонова ул.(библ)
\days w
\copy Тубдиспансер
\shift 41
\days h
\copy Тубдиспансер
\shift 41
