\bus 113
\first Московский ав
\last Тубдиспансер

\days w
\busstop Московский ав		
		
05	15 30 46 58
06	09 21 34 46 57
07	08 20 30 40 52
08	06 17 28 40 51
09	04 19 37 59
10	14 32 50
11	06 21 36 51
12	06 21 37 53
13	09 25 38 52
14	09 23 30 48
15	02 15 28 42 53
16	08 21 34 47 58
17	12 25 39 53
18	05 18 32 50
19	12 40
20	02 20 38 57
21	14 33 51
22	09 28 45
23	02 22 43
00	02 20 35

\busstop{f} Филимонова ул.		
		
05	20 35 51
06	03 14 26 39 51
07	02 13 25 35 45 57
08	11 22 33 45 56
09	09 24 42
10	04 19 37 55
11	11 26 41 56
12	11 26 42 58
13	14 30 43 57
14	14 28 35 53
15	07 20 33 47 58
16	13 26 39 52
17	03 17 30 44 58
18	10 23 37 55
19	17 45
20	07 25 43
21	02 19 38 56
22	14 33 50
23	07 27 48
00	07 25 40

\busstop{f} Карбышева ул.		
		
05	34 49
06	05 17 28 40 53
07	05 16 27 39 49 59
08	11 25 36 47 59
09	10 23 38 56
10	18 33 51
11	09 25 40 55
12	10 25 40 56
13	12 28 44 57
14	11 28 42 49
15	07 21 34 47
16	01 12 27 40 53
17	06 17 31 44 58
18	12 24 37 51
19	09 31 59
20	21 39 57
21	16 33 52
22	10 28 47
23	04 21 41
00	02 21 39 54

\busstop Тубдиспансер		
		
06	00 16 32 43 54
07	06 20 31 42 54
08	05 15 26 37 51
09	02 13 25 36 49
10	04 22 44 59
11	18 35 51
12	06 22 38 51
13	06 22 38 54
14	10 23 37 56
15	08 15 34 47
16	00 12 26 39 53
17	06 18 32 43 57
18	11 26 37 50
19	03 18 35 57
20	25 47
21	05 23 42 59
22	17 36 54
23	15 30 47
00	07 27 46
01	03 17

\busstop{b} Филимонова ул.		
		
06	41 57
07	13 24 35 47
08	01 12 23 35 46 56
09	07 18 32 43 54
10	06 17 30 45
11	03 25 40 59
12	16 32 47
13	03 19 32 47
14	03 19 35 51
15	04 18 37 49 56
16	15 28 41 53
17	07 20 34 47 59
18	13 24 38 52
19	07 18 31 44 59
20	16 38
21	06 28 46
22	04 23 40 58
23	17 35 56
00	11 28 48
01	08 27

\days h
\busstop Московский ав		
		
05	15 33 50
06	07 24 47
07	05 23 41 57
08	18 35
09	00 28 55
10	25 45
11	05 24 40
12	00 18 37 55
13	13 31 50
14	13 36 59
15	21 44
16	07 33 53
17	16 48
18	23 53
19	25 54
20	23 46
21	07 30 55
22	17 40
23	00 27 50
00	18

\busstop{f} Филимонова ул.		
		
05	20 38 55
06	12 29 52
07	10 28 46
08	02 23 40
09	05 33
10	00 30 50
11	10 29 45
12	05 23 42
13	00 18 36 55
14	18 41
15	04 26 49
16	12 38 58
17	21 53
18	28 58
19	30 59
20	28 51
21	12 35
22	00 22 45
23	05 32 55
00	23

\busstop{f} Карбышева ул.		
		
05	34 52
06	09 26 43
07	06 24 42
08	00 16 37 54
09	19 47
10	14 44
11	04 24 43 59
12	19 37 56
13	14 32 50
14	09 32 55
15	18 40
16	03 26 52
17	12 35
18	07 42
19	12 44
20	13 42
21	05 26 49
22	14 36 59
23	19 46
00	09 37

\busstop{b} Филимонова ул.		
		
06	41 59
07	16 33 50
08	13 30 49
09	07 23 44
10	01 25 53
11	20 53
12	11 31 50
13	07 26 44
14	02 22 40 57
15	18 39
16	02 25 48
17	10 33 59
18	19 42
19	14 49
20	19 55
21	24 48
22	12 33 55
23	21 43
00	06 26 52
01	16 42

\busstop Тубдиспансер		
		
06	00 18 35 52
07	09 32 49
08	08 26 42
09	03 20 44
10	12 39
11	12 30 50
12	09 26 45
13	03 21 41 59
14	16 37 58
15	21 44
16	07 29 52
17	18 38
18	01 33
19	08 38
20	14 43
21	07 31 52
22	14 40
23	02 25 45
00	11 35
01	01