\first Карбышева дс
\last Зелёный бор

\bus 113д

\days w

\busstop Карбышева дс		
		
06	36
07	07 23 42 56
08	13 30 46
09	02 19 35 51
10	11 27
11	02 24 54
12	12 44
13	01 17 34 51
14	07 23 42 58
15	15 33 49
16	05 22 39 55
17	38

\busstop{f} пов. на Малиновку		
		
06	48
07	19 35 54
08	08 25 42 58
09	14 31 47
10	03 23 39
11	14 36
12	06 24 56
13	13 29 46
14	03 19 35 54
15	10 27 45
16	01 17 34 51
17	07 50

\busstop Зелёный Бор		
		
07	00 30 47
08	05 20 37 54
09	10 26 43 59
10	15 35 51
11	26 47
12	18 35
13	08 25 41 57
14	15 30 47
15	06 22 39 57
16	13 29 46
17	03 19
18	03

\busstop{b} пов. на Малиновку		
		
07	10 40 57
08	15 30 47
09	04 20 36 53
10	09 25 45
11	01 36 57
12	28 45
13	18 35 51
14	07 25 40 57
15	16 32 49
16	07 23 39 56
17	13 29
18	13

\days h

\busstop Карбышева дс		
		
08	10 32
09	00 25 50
10	15 39
11	16
12	22 44
13	13 33
14	02 25 54
15	17 47
16	06 37
17	09

\busstop{f} пов. на Малиновку		

08	22 44
09	12 37
10	02 27 51
11	28
12	34 56
13	25 45
14	14 37
15	06 29 59
16	18 49
17	21

\busstop{b} пов. на Малиновку		
		
08	44
09	06 34 59
10	24 49
11	13 50
12	56
13	18 47
14	06 36 59
15	28 50
16	22 40
17	11 43

\busstop Зелёный Бор		
 		
08	34 56
09	24 49
10	14 39
11	03 40
12	46
13	08 37 56
14	26 49
15	18 40
16	12 30
17	01 33
