\bus 515

\busstop Дружная дс		
\days w
05	15 35 54
06	13 31 48
07	05 21 37 53
08	09 25 43 57
09	22 47
10	12 37 56
11	14 32 51
12	08 24 40 55
13	11 30 46
14	05 24 45
15	05 24 42
16	00 20 44
17	07 30 56
18	27 59
19	28 58
20	28 54
21	20 43
22	05 28 50
23	13 35
\days h
05	22 39 56
06	08 25 42 59
07	16 33 50
08	07 24 51
09	18 45
10	12 39 56
11	13 30 47
12	04 21 38 55
13	12 29 46
14	03 20 41
15	01 21 42
16	03 23 43
17	03 24 45
18	16 47
19	18 49
20	20 41
21	02 22 42
22	02 23 44
23	05 24

\busstop Карбышева ул.(из города)
\days w
05	46
06	06 25 44
07	02 19 36 52
08	08 24 40 56
09	14 28 53
10	18 43
11	08 27 45
12	03 22 39 55
13	11 26 42
14	01 17 36 55
15	16 36 55
16	13 31 51
17	15 38
18	01 27 58
19	30 59
20	29 59
21	25 51
22	14 36 59
23	21 44
00	06
\days h
05	47
06	03 20 34 51
07	08 25 42 59
08	16 33 50
09	17 44
10	11 38
11	05 22 39 56
12	13 30 47
13	04 21 38 55
14	12 29 46
15	07 27 47
16	08 29 49
17	09 29 50
18	11 42
19	13 44
20	15 46
21	07 28 48
22	08 28 49
23	10 31 50

\busstop Областная больница
\days w
06	15 34 56
07	16 33 52
08	07 25 39 55
09	12 27 46 59
10	24 49
11	14 39
12	01 16 34 53
13	10 26 42 57
14	13 32 48
15	07 26 47
16	07 26 43
17	03 22 46
18	09 36
19	00 29
20	02 30
21	00 33 56
22	21 45
23	07 30 51
00	17 37
\days h
06	13 30 47
07	04 21 38 55
08	12 29 46
09	03 20 47
10	14 41
11	08 35 52
12	09 26 43
13	00 17 34 51
14	08 25 42 59
15	16 37 57
16	17 38 59
17	19 39 59
18	20 41
19	12 43
20	14 45
21	16 37 58
22	18 38 58
23	19 40
00	01 20
