\bus 46

\busstop Черёмушки

\day w
08 30 
09 30 
14 30 
15 30 
16 30
17 30 
18 30 


\day h
07 45 
09 45 
14 45 
15 45
16 45 
17 45 


\busstop Привоз

\day w
06 00 40
07 10 25 40 55 
08 10 40 55
09 10 30 50
10 10 30 50
11 10 30 50
12 10 30 50
13 10 30 50
14 10 30 50
15 10 30 50
16 10 30 50
17 10 30 50
18 10 30 50
19 10 30 50
20 10 40
21 10 


\day h
06 30
07 00 30
08 00 30
09 20
10 00 30
11 00
12 00 30
13 00 30
14 00
15 00 30
16 00 30
17 00
18 00 30
19 00 30
20 00
21 00

\derive Автовокзал;Привоз;10;w h


\busstop Дачное

\day w
05 00 30
06 00 15 30 45
07 00 15 30 45
08 00 20 40
09 00 20 40
10 00 20 40
11 00 20 40
12 00 20 40
13 00 20 40
14 00 20 40
15 00 20 40
16 00 20 40
17 00 20 40
18 10 30 50
19 20 
20 10 


\day h
05 00 30
06 00 30
07 00 30
08 00 30
09 00 30
10 00 30
11 00 30
12 00 30
13 00 30
14 00 30
15 00 30
16 00 30
17 00 30
18 00 30
19 00
20 00 


\derive Верхняя;Дачное;20;w h


\derive Автовокзал;Привоз;10;w h


\derive Верхняя(из города);Привоз;30;w h
