\bus 49

\busstop Южная

\day 1

05 50
09 00
17 30

\day 3

05 50
09 00
17 30

\day 5

05 50
09 00
17 30

\day 6

05 50
09 00
17 30

\day 7

05 50
09 00
17 30

\busstop Черёмушки

\day 1

06 00
09 15
17 50

\day 3

06 00
09 15
17 50

\day 5

06 00
09 15
17 50

\day 6

06 00
09 15
17 50

\day 7

06 00
09 15
17 50

\busstop Малое

\day 1

06 50
15 00
18 50

\day 3

06 50
15 00
18 50

\day 5

06 50
15 00
18 50

\day 6

06 50
15 00
18 50

\day 7

06 50
15 00
18 50