\bus 51м
\busstop Холодная балка

\day w
05 40
06 00 20 40
07 20 40
08 00 20 40
09 20 40
10 00 30
11 00 30
12 00 30
13 00 30
14 00 30
15 00 30
16 00 20
17 15 35 55
18 20 40
19 20
20 00 30

\day h
06 00 30
07 30
08 00 30
09 30
10 00 30
11 00 30
12 00 30
13 00 30
14 00 30
15 00 30
16 00 30
17 30
18 00 30
19 00 30
20 00 30


\busstop Привоз
\day w
06 30 50
07 10 30
08 15 35 55
09 15 35
10 05 30
11 00 30
12 00 30
13 00 30
14 00 30 55
15 25
16 05 30
17 00 20
18 20 40
19 00 25 50
20 20
21 00 30


\day h
07 00 30
08 30
09 00 30
10 00 30
11 00 30
12 00 30
13 00 30
14 00 30
15 00 30
16 30
17 00 30
18 30
19 00 30
20 00 30
21 00 30

\derive Автовокзал;Привоз;10;h

\derive Верхняя(из города);Привоз;30;h
