\bus 18
\busstop ¬Œ «¿À
\day w
\from busstop
6.30 6.52 7.14 7.36 7.58 8.20 8.42 9.04 9.26 9.48 10.30 10.54 11.35 11.57 12.18 12.40 13.01 13.23 13.45 14.07 14.29 15.00 15.22 15.44 16.06 16.28 16.57 17.12 17.39 17.56 18.21 18.40 19.07 20.08 20.48 21.30 22.10 22.50 23.30 0.30
\day h
\from busstop
6.52 7.36 8.20 9.04 9.48 10.50 11.57 12.40 13.23 14.07 15.00 15.45 16.28 17.12 17.56 18.40 20.08 20.48 21.30 22.10 23.05

\busstop À.◊¿ÀŒ¬— Œ… 
\day w
\from busstop
6.30 6.52 7.14 7.36 7.58 8.20 8.42 9.04 9.26 9.48 10.10 10.51 11.14 12.02 12.18 12.40 13.01 13.23 13.45 14.07 14.29 14.50 15.22 15.44 16.06 16.36 16.50 17.18 17.34 18.00 18.18 18.41 19.02 19.27 20.30 21.08 21.50 22.30 23.10 23.50 0.50 
\day h
\from busstop
6.30 7.14 7.58 8.42 9.26 10.10 10.51 12.18 13.01 13.45 14.29 15.22 16.06 16.50 17.34 18.18 19.02 20.30 23.20
