\bus 6

\busstop ¬Œ «¿À
\day a
\from busstop
5.55 6.15 6.30 6.50 7.10 7.30 7.50 8.10 8.30 9.10 9.30 9.50 10.24 10.44 11.04 11.38 11.58 12.12 12.32 12.52 13.06 13.26 13.45 14.10 14.30 14.50 15.10 15.30 15.50 16.10 16.30 16.50 17.10 17.30 17.50 18.07 18.25 18.43 19.01 19.19 19.55 20.31 21.25 22.19 23.30 0.24 

\busstop œ¿Õ‘»ÀŒ¬¿ 
\day a
\from busstop
6.00 6.20 6.40 7.00 7.20 7.40 8.00 8.20 8.40 9.00 9.37 9.57 10.17 10.51 11.11 11.31 12.05 12.25 12.39 12.59 13.19 13.33 13.53 14.13 14.40 15.00 15.20 15.40 16.00 16.20 16.40 17.00 17.20 17.40 17.58 18.16 18.34 18.52 19.10 19.28 19.46 20.22 20.58 21.52 22.46 23.57 
