\bus 9

\busstop оевх
\day a
\from busstop
5.50 6.09 6.16 6.23 6.37 6.50 7.19 7.26 7.33 7.47 8.02 8.34 8.41 8.48 9.16 9.44 9.51 9.58 10.26 10.54 11.08 11.36 11.43 11.50 12.04 12.18 12.46 12.53 13.00 13.14 13.28 13.56 14.03 14.20 14.34 14.48 15.16 15.23 15.30 15.44 15.58 16.31 16.38 16.45 16.59 17.13. 17.41 17.48 17.57 18.09 18.23 18.51 18.58 19.05 19.19 19.30 20.04 20.29 20.43 21.00 21.39 22.10 23.35

\busstop аекйнноянчг
\day a
\from busstop
6.02 6.16 6.44 6.51 6.58 7.12 7.26 7.59 8.06 8.13 8.27 8.41 9.09 9.16 9.23 9.51 10.19 10.26 10.33 11.01 11.29 11.43 12.11 12.18 12.25 12.39 12.53 13.21 13.28 13.35 13.49 14.03 14.31 14.35 14.55 15.09 15.23 15.51 15.58 16.05 16.19 16.33 17.06 17.13 17.20 17.34 17.48 18.16 18.23 18.30 18.44 18.58 19.26 19.33 19.40 19.54 20.10 20.33 21.04 21.18 21.33 22.14 22.39 0.05 0.55 
