\bus 113а

\busstop Московский ав
\days w
\from С сайта
05	20 37 52
06	04 17 39
07	00 16 33 45
08	02 22 44
09	10 41
10	04 25 42
11	02 17 32 47
12	02 24 41 58
13	14 30 45
14	03 27 43 58
15	18 37 49
16	05 25 43
17	02 17 31 47
18	07 24 43
19	08 29 56
20	15 42 53
21	19 46
22	14 40
23	08 35 57
\days h
\from С сайта
05	22 39 55
06	11 28 43
07	00 16 32 48
08	04 21 38 52
09	17 42
10	08 35 53
11	12 29 45 56
12	13 32 49
13	05 20 37 55
14	18 32 50
15	07 25 40 56
16	13 27 46
17	02 21 35 55
18	15 42
19	08 34 58
20	18 38 58
21	19 41
22	02 23 45
23	05 23 45

\derive Филимонова ул.(!библ);Московский ав;5;h w
\derive Карбышева ул.(из города);Московский ав;19;h w
