\bus 113а

\busstop НИИ Онкологии
\days w
\from С сайта
05	20 35 59
06	16 32 44 56
07	19 40 56
08	15 27 44
09	02 24 50
10	21 44
11	07 21 42 58
12	13 29 45
13	04 21 37 53
14	09 24 44
15	06 23 41 59
16	18 33 48
17	05 25 42 57
18	11 27 48
19	04 25 49
20	10 36 57
21	22 33 59
22	26 54
23	18 47
00	15 37
\days h
\from С сайта
06	02 19 35 51
07	08 23 40 56
08	11 28 44
09	01 17 32 57
10	22 48
11	14 32 52
12	09 24 38 54
13	13 30 44
14	00 17 35 58
15	12 30 46
16	05 20 37 53
17	08 27 41
18	01 15 35 55
19	22 50
20	14 38 58
21	18 39
22	00 22 42
23	03 25 45
00	03 25

\derive Областная больница;НИИ Онкологии;3;w h
\derive п.Лесной(в Минск);НИИ Онкологии;4;w h
\derive пов.на Малиновку(в Минск);НИИ Онкологии;11;w h
\derive Филимонова ул.(библ);НИИ Онкологии;36;w h
