\bus 113д

\busstop Зелёный бор
\days w
\from С остановки
06	00 25 50
07	06 23 40 56
08	13 30 46
09	03 20 36 59
10	26 56
11	26 46
12	02 19 36 52
13	09 26 42 59
14	16 32 49
15	09 25 42 59
16	15 32 49
17	05 22 39 55
18	12 29 46
19	09 36
20	03 30 55
21	20 45
22	10 35
23	00 24
\from С остановки
\days h
06	00 25 50
07	15 40
08	05 30 55
09	20 53
10	44
11	17 42
12	07 32 57
13	22 47
14	12 37
15	05 30 55
16	20 45
17	10 35
18	00 25 58
19	49
20	19 44
21	09 34 59
22	24 49
23	14

\derive п.Лесной(в Минск);Зелёный бор;3;w h
