\bus 113д

\busstop Карбышева дс
\days w
\from busstop
05	36
06	01 26 42 59
07	16 32 49
08	06 22 39 56
09	12 35
10	02 32
11	02 22 38 55
12	12 28 45
13	02 18 35 52
14	08 25 45
15	01 18 35 51
16	08 25 41 58
17	15 31 48
18	05 22 45
19	12 39
20	06 31 56
21	21 46
22	11 36
23	00
\days h
\from busstop
05	36
06	01 26 51
07	16 41
08	06 31 56
09	29
10	20 53
11	18 43
12	08 33 58
13	23 48
14	13 41
15	06 31 56
16	21 46
17	11 36
18	01 34
19	25 55
20	20 45
21	10 35
22	00 25 50

\derive Карбышева ул.(из города);Карбышева дс;1;w h
\derive Экспоцентр(из города);Карбышева дс;5;w h
\derive п.Лесной(в Зел.Бор);Карбышева дс;19;w h
