\bus 515

\busstop Дружная дс
\days w
\from С сайта
05	15 35 54
06	13 31 48
07	05 21 37 53
08	09 25 43 57
09	22 47
10	12 37 56
11	14 32 51
12	08 24 40 55
13	11 30 46
14	05 24 45
15	05 24 42
16	00 20 44
17	07 30 56
18	27 59
19	28 58
20	28 54
21	20 43
22	05 28 50
23	13 35
\days h
\from С сайта
05	22 39 56
06	08 25 42 59
07	16 33 50
08	07 24 51
09	18 45
10	12 39 56
11	13 30 47
12	04 21 38 55
13	12 29 46
14	03 20 41
15	01 21 42
16	03 23 43
17	03 24 45
18	16 47
19	18 49
20	20 41
21	02 22 42
22	02 23 44
23	05 24

\derive Карбышева ул.(из города);Дружная дс;31;w
\derive Карбышева ул.(из города);Дружная дс;26;h


\busstop Я.Коласа(Филармония)
\day w
\from С остановки
05 28 48
06 26 44
07 01 18 34 50
08 06 22 38 56
09 10 35
10 00 25 50
11 09 27 45
12 04 21 37 53
13 08 24 43 59
14 18 37 58
15 18 37 55
16 13 33 57
17 20 43
18 09 40
19 12 41
20 11 41
21 07 33 56
22 18 41
23 03 26 48

\derive Я.Коласа(Филармония);Дружная дс;11;h
