\bus 71
\busstop Уручье-2 дс		
\day w
\from site		
05	12 30 47
06	04 22 39 57
07	14 32 50
08	08 26 44
09	02 30 58
10	26 54
11	20 37 54
12	12 29 46
13	04 21 39 57
14	16 35 53
15	12 30 47
16	04 22 39 56
17	14 31 48
18	06 26 58
19	30
20	03 21 38 56
21	13 31 47
22	04 21 37 54
23	12 29 46
00	03 20 36

\day h
\from site
05	38 55
06	12 30 47
07	04 22 39 56
08	14 31 53
09	23 49
10	16 41 58
11	15 33 50
12	07 25 42 59
13	17 34 51
14	13 30 47
15	05 22 39 57
16	14 31 49
17	06 23 41
18	06 33
19	00 27 51
20	08 25 43
21	00 17 35 52
22	09 27 44
23	04 24 44
00	06


\busstop Московский ав
\day w
\from site		
05	38 56
06	13 30 48
07	06 24 42
08	00 18 36 54
09	12 30 58
10	26 54
11	22 46
12	03 20 38 55
13	12 30 47
14	05 23 42
15	01 19 38 56
16	13 30 48
17	05 22 40 57
18	14 32 52
19	24 56
20	29 47
21	04 22 39 57
22	13 30 47
23	03 20 38 55
00	12 29 46
01	00

\day h
\from site
06	04 21 38 56
07	13 30 48
08	05 22 40 57
09	19 49
10	15 42
11	07 24 41 59
12	16 33 51
13	08 25 43
14	00 17 39 56
15	13 31 48
16	05 23 40 57
17	15 32 49
18	07 31 59
19	26 53
20	17 34 51
21	09 26 43
22	01 18 35 53
23	10 30 50
00	10 32
